Enter the dimension of your matrix: 2
 - [Error] This dimension is out of bounds. Exiting program …

----------------------------------------------------------------------------------------------------------------------

Enter the dimension of your matrix: 7
 - [Error] We can only handle up to 6 dimension at this time. Exiting program …

----------------------------------------------------------------------------------------------------------------------

 Enter the dimension of your matrix: 5
=============================================================
The content of the first matrix is:
[[ 1  2  3  4  5]
 [ 7  8  9 10 11]
 [13 14 15 16 17]
 [19 20 21 22 23]
 [25 26 27 28 29]]
=============================================================
The content of the second matrix is:
[[ 10 200  30  40  50]
 [ 70  80  90 100 110]
 [130 140 150 160 170]
 [190 200 210  22 230]
 [250 260 270  28 290]]
=============================================================
The product of the two matrices is:
[[  10  400   90  160  250]
 [ 490  640  810 1000 1210]
 [1690 1960 2250 2560 2890]
 [3610 4000 4410  484 5290]
 [6250 6760 7290  784 8410]]
=============================================================
The dot-product of the two matrices is:
[[ 2550  2880  2850   948  3150]
 [ 6450  8160  7350  3048  8250]
 [10350 13440 11850  5148 13350]
 [14250 18720 16350  7248 18450]
 [18150 24000 20850  9348 23550]]
=============================================================
The transpose of the first matrix is:
[[ 1  7 13 19 25]
 [ 2  8 14 20 26]
 [ 3  9 15 21 27]
 [ 4 10 16 22 28]
 [ 5 11 17 23 29]]
=============================================================
The transpose of the second matrix is:
[[ 10  70 130 190 250]
 [200  80 140 200 260]
 [ 30  90 150 210 270]
 [ 40 100 160  22  28]
 [ 50 110 170 230 290]]
=============================================================
The product of the transpose of the two matrices is:
[[  10  490 1690 3610 6250]
 [ 400  640 1960 4000 6760]
 [  90  810 2250 4410 7290]
 [ 160 1000 2560  484  784]
 [ 250 1210 2890 5290 8410]]
=============================================================
The dot product of the transpose of the two matrices is:
[[ 3810  6450 10350 10488 13362]
 [ 4140  6900 11100 11340 14460]
 [ 4470  7350 11850 12192 15558]
 [ 4800  7800 12600 13044 16656]
 [ 5130  8250 13350 13896 17754]]
=============================================================
The result of matrix1 divided by matrix2 is:
[[0.1  0.01 0.1  0.1  0.1 ]
 [0.1  0.1  0.1  0.1  0.1 ]
 [0.1  0.1  0.1  0.1  0.1 ]
 [0.1  0.1  0.1  1.   0.1 ]
 [0.1  0.1  0.1  1.   0.1 ]]
=============================================================

----------------------------------------------------------------------------------------------------------------------

Enter the dimension of your matrix: 4
=============================================================
The content of the first matrix is:
[[ 1  2  3  4]
 [ 7  8  9 10]
 [13 14 15 16]
 [19 20 21 22]]
=============================================================
The content of the second matrix is:
[[ 10 200  30  40]
 [ 70  80  90 100]
 [130 140 150 160]
 [190 200   0  22]]
=============================================================
The product of the two matrices is:
[[  10  400   90  160]
 [ 490  640  810 1000]
 [1690 1960 2250 2560]
 [3610 4000    0  484]]
=============================================================
The dot-product of the two matrices is:
[[ 1300  1580   660   808]
 [ 3700  5300  2280  2740]
 [ 6100  9020  3900  4672]
 [ 8500 12740  5520  6604]]
=============================================================
The transpose of the first matrix is:
[[ 1  7 13 19]
 [ 2  8 14 20]
 [ 3  9 15 21]
 [ 4 10 16 22]]
=============================================================
The transpose of the second matrix is:
[[ 10  70 130 190]
 [200  80 140 200]
 [ 30  90 150   0]
 [ 40 100 160  22]]
=============================================================
The product of the transpose of the two matrices is:
[[  10  490 1690 3610]
 [ 400  640 1960 4000]
 [  90  810 2250    0]
 [ 160 1000 2560  484]]
=============================================================
The dot product of the transpose of the two matrices is:
[[2560 3700 6100 2008]
 [2840 4040 6680 2420]
 [3120 4380 7260 2832]
 [3400 4720 7840 3244]]
=============================================================
The result of matrix1 divided by matrix2 is:
[[0.1 0.01 0.1 0.1]
 [0.1 0.1 0.1 0.1]
 [0.1 0.1 0.1 0.1]
 [0.1 0.1 'undefined' 1.0]]
=============================================================